15 2 0
0.072713 0 0
0.2565 0.21908 0.20065
0.00077567 9.4357e-06 -0.00015605
9.4357e-06 2.1627e-05 -3.444e-06
-0.00015605 -3.444e-06 9.0365e-05
0.10223 0 0
0.052485 0.24839 0.24799
0.0010691 -0.00017242 -0.00019991
-0.00017242 5.2392e-05 3.7735e-05
-0.00019991 3.7735e-05 6.4622e-05
0.03702 0 0
0.46434 0.2325 0.1503
0.00044296 2.4945e-05 -5.9907e-05
2.4945e-05 2.6664e-05 -1.3755e-05
-5.9907e-05 -1.3755e-05 6.8139e-05
0.06281 0 0
0.3264 0.21687 0.18165
0.00090026 -2.4478e-05 -8.8039e-05
-2.4478e-05 2.7477e-05 2.0544e-05
-8.8039e-05 2.0544e-05 9.0028e-05
0.038029 0 0
0.42523 0.22281 0.16362
0.00041033 1.1062e-05 -1.4211e-05
1.1062e-05 5.3469e-05 -2.6206e-05
-1.4211e-05 -2.6206e-05 4.8454e-05
0.012139 0 0
0.52382 0.22771 0.15385
0.0013511 0.00023891 -0.00038007
0.00023891 6.8641e-05 -6.2873e-05
-0.00038007 -6.2873e-05 0.0001341
0.055444 0 0
0.51482 0.23049 0.1284
0.00067352 -4.1518e-05 -0.00011593
-4.1518e-05 3.0946e-05 2.3656e-05
-0.00011593 2.3656e-05 8.0189e-05
0.048822 0 0
0.68552 0.24898 0.090185
0.00075542 -6.7446e-06 -9.5549e-05
-6.7446e-06 2.2691e-05 1.1278e-06
-9.5549e-05 1.1278e-06 7.8704e-05
0.038466 0 0
0.2001 0.21904 0.21356
0.00041169 -1.5412e-05 -3.5617e-05
-1.5412e-05 2.8162e-05 8.1562e-06
-3.5617e-05 8.1562e-06 3.9713e-05
0.049534 0 0
0.63643 0.24085 0.10871
0.00085825 4.5248e-05 -4.6043e-05
4.5248e-05 5.5511e-05 -3.0752e-05
-4.6043e-05 -3.0752e-05 5.3436e-05
0.063006 0 0
0.58259 0.22786 0.11792
0.00092185 3.508e-05 -1.872e-05
3.508e-05 3.0675e-05 -2.3413e-06
-1.872e-05 -2.3413e-06 2.8699e-05
0.07065 0 0
0.7464 0.23827 0.066639
0.00092649 -0.00011593 -0.00013428
-0.00011593 5.2286e-05 3.5266e-05
-0.00013428 3.5266e-05 6.3385e-05
0.079194 0 0
0.14139 0.22933 0.22589
0.00086259 -0.00015431 -0.00017285
-0.00015431 6.7775e-05 5.3087e-05
-0.00017285 5.3087e-05 8.0933e-05
0.051307 0 0
0.3775 0.21434 0.16937
0.00064763 2.4937e-05 -3.0048e-05
2.4937e-05 3.0616e-05 -3.6105e-06
-3.0048e-05 -3.6105e-06 3.0775e-05
0.21863 0 0
0.88973 0.22831 0.057454
0.0042813 -3.7142e-05 -2.4617e-05
-3.7142e-05 2.2421e-05 7.4788e-07
-2.4617e-05 7.4788e-07 2.3621e-05
