5 3 0 0
0.16033 0 0 0
0.49136 0.38944 -0.23109 0.38754
0.0022383 0.0011244 0.0010224 -1.1511e-08
0.0011244 0.0006036 0.00050972 -1.0885e-08
0.0010224 0.00050972 0.00051248 1.6159e-09
-1.1511e-08 -1.0885e-08 1.6159e-09 2e-05
0.19026 0 0 0
0.84288 0.47753 -0.13774 0.38754
0.0063074 0.00023492 0.00055424 6.4623e-08
0.00023492 3.8887e-05 1.5101e-05 -2.8273e-09
0.00055424 1.5101e-05 8.2871e-05 1.2172e-08
6.4623e-08 -2.8273e-09 1.2172e-08 2e-05
0.19985 0 0 0
0.63296 0.44517 -0.17639 0.38754
0.0023361 0.00061333 0.00068507 -5.5247e-09
0.00061333 0.00019467 0.00017509 -6.4029e-09
0.00068507 0.00017509 0.00023817 4.0907e-09
-5.5247e-09 -6.4029e-09 4.0907e-09 2e-05
0.055887 0 0 0
0.0065523 0.056586 -0.4792 0.38754
0.00011348 0.00010412 6.0901e-05 5.2793e-09
0.00010412 0.00021386 0.00010286 6.9283e-09
6.0901e-05 0.00010286 8.6046e-05 9.1376e-09
5.2793e-09 6.9283e-09 9.1376e-09 2e-05
0.39368 0 0 0
0.22431 0.21552 -0.37344 0.38754
0.013546 0.0096167 0.0070138 5.1123e-09
0.0096167 0.0068659 0.0049792 8.1331e-10
0.0070138 0.0049792 0.0036853 9.6229e-09
5.1123e-09 8.1331e-10 9.6229e-09 2e-05
