10 2 0
0.11677 0 0
0.39615 0.37108 0.19663
0.0011152 0.00025087 -0.00036184
0.00025087 8.0164e-05 -8.1641e-05
-0.00036184 -8.1641e-05 0.00014096
0.033506 0 0
0.99063 0.30924 -0.0095955
0.00022391 -2.2627e-05 -1.7798e-05
-2.2627e-05 2.3549e-05 2.841e-06
-1.7798e-05 2.841e-06 2.2283e-05
0.076371 0 0
0.12311 0.26666 0.24922
0.00069407 0.0003144 -4.448e-05
0.0003144 0.00016909 -2.1451e-05
-4.448e-05 -2.1451e-05 2.4533e-05
0.14621 0 0
0.77561 0.35695 0.040551
0.0011721 -0.00042679 -0.00059667
-0.00042679 0.00018538 0.00021715
-0.00059667 0.00021715 0.00033286
0.0892 0 0
0.49853 0.38341 0.1626
0.0012579 4.1741e-05 -0.000404
4.1741e-05 2.6764e-05 -7.8387e-06
-0.000404 -7.8387e-06 0.0001607
0.084491 0 0
0.025103 0.24899 0.25048
0.00034014 -8.3121e-06 4.1913e-06
-8.3121e-06 2.0548e-05 -1.6106e-07
4.1913e-06 -1.6106e-07 2.0235e-05
0.09279 0 0
0.29076 0.33968 0.22454
0.0012488 0.00043036 -0.00024749
0.00043036 0.0001724 -8.7274e-05
-0.00024749 -8.7274e-05 7.5355e-05
0.068947 0 0
0.19932 0.30435 0.23983
0.00068184 0.0003017 -0.00010714
0.0003017 0.00015912 -4.9463e-05
-0.00010714 -4.9463e-05 4.5239e-05
0.18055 0 0
0.63357 0.38264 0.10911
0.0024997 -0.00011788 -0.0011333
-0.00011788 2.9608e-05 5.3805e-05
-0.0011333 5.3805e-05 0.00053886
0.11116 0 0
0.88533 0.32204 0.002373
0.00087592 -0.00018693 -0.00014606
-0.00018693 6.2919e-05 3.1424e-05
-0.00014606 3.1424e-05 4.7211e-05
