5 3 0 0
0.28833 0 0 0
0.82935 0.50417 -0.16835 -0.15679
0.011163 2.7057e-05 -7.2139e-06 5.8649e-05
2.7057e-05 0.00063745 -0.00021785 0.00013158
-7.2139e-06 -0.00021785 0.00025085 -5.3203e-05
5.8649e-05 0.00013158 -5.3203e-05 9.134e-05
0.16284 0 0 0
0.33542 0.27537 -0.19077 -0.22374
0.0094261 0.0041062 0.00065459 0.0009065
0.0041062 0.0027143 0.00024566 0.00037673
0.00065459 0.00024566 9.6226e-05 4.9459e-05
0.0009065 0.00037673 4.9459e-05 0.00015569
0.17628 0 0 0
0.46109 0.40182 -0.18002 -0.19819
0.014287 0.0090136 0.0012185 0.0024698
0.0090136 0.005894 0.00073158 0.0014941
0.0012185 0.00073158 0.00028119 0.00038895
0.0024698 0.0014941 0.00038895 0.00068066
0.15984 0 0 0
0.63352 0.45897 -0.1814 -0.16898
0.027088 0.010092 0.0015764 0.0039718
0.010092 0.0052549 0.00014499 0.0020396
0.0015764 0.00014499 0.00031617 6.0063e-05
0.0039718 0.0020396 6.0063e-05 0.00083722
0.21271 0 0 0
0.11147 0.21471 -0.20227 -0.24559
0.0049177 0.00043722 4.7026e-05 3.1447e-05
0.00043722 0.00042775 -7.7344e-05 -0.00012881
4.7026e-05 -7.7344e-05 9.385e-05 3.3348e-05
3.1447e-05 -0.00012881 3.3348e-05 0.00014083
