5 3 0 0
0.18267 0 0 0
0.09932 -0.010007 -0.24515 -0.54793
0.0042752 0.0002494 -7.1151e-05 0.00041917
0.0002494 0.00050298 8.23e-05 -6.1929e-05
-7.1151e-05 8.23e-05 0.00012351 -4.3336e-06
0.00041917 -6.1929e-05 -4.3336e-06 0.00017415
0.19799 0 0 0
0.63635 0.33046 -0.19636 -0.094568
0.0056238 0.004675 0.002195 0.0016804
0.004675 0.0060127 0.0022666 0.0015127
0.002195 0.0022666 0.0010326 0.00063804
0.0016804 0.0015127 0.00063804 0.00057606
0.15977 0 0 0
0.45479 0.16457 -0.24355 -0.1927
0.0043721 0.0019578 0.00054687 0.0031839
0.0019578 0.0011774 0.00028377 0.0016906
0.00054687 0.00028377 0.00015104 0.00042317
0.0031839 0.0016906 0.00042317 0.00271
0.26645 0 0 0
0.86179 0.53497 -0.063589 -0.045868
0.00757 0.0019965 0.0024677 0.00054362
0.0019965 0.00082268 0.00087539 0.00022304
0.0024677 0.00087539 0.0011197 0.00024644
0.00054362 0.00022304 0.00024644 0.00011782
0.19313 0 0 0
0.27746 0.046051 -0.26494 -0.41695
0.0058208 0.0024021 -0.00028371 0.0052576
0.0024021 0.0015798 -0.00012627 0.0029958
-0.00028371 -0.00012627 0.00014294 -0.00016465
0.0052576 0.0029958 -0.00016465 0.0063235
