5 3 0 0
0.25688 0 0 0
0.13062 0.037839 -0.24844 -0.51884
0.0061581 0.0018621 -5.6705e-06 0.001982
0.0018621 0.0010106 1.1992e-05 0.0012025
-5.6705e-06 1.1992e-05 3.3609e-05 3.2228e-05
0.001982 0.0012025 3.2228e-05 0.0015947
0.16071 0 0 0
0.51185 0.27312 -0.27481 -0.13535
0.0027808 0.0021217 -0.00051831 0.0012568
0.0021217 0.0019835 -0.00061298 0.0011594
-0.00051831 -0.00061298 0.00029212 -0.00040132
0.0012568 0.0011594 -0.00040132 0.00077938
0.17522 0 0 0
0.34257 0.15198 -0.24297 -0.30522
0.0035988 0.0019304 5.3988e-05 0.0040478
0.0019304 0.001544 -0.0001354 0.0029005
5.3988e-05 -0.0001354 0.00010836 -0.00020868
0.0040478 0.0029005 -0.00020868 0.0059968
0.20597 0 0 0
0.69573 0.47329 -0.30446 -0.056155
0.0040201 0.0037423 8.9789e-05 0.001334
0.0037423 0.0039361 -4.6116e-06 0.0012917
8.9789e-05 -4.6116e-06 0.0001146 3.4962e-05
0.001334 0.0012917 3.4962e-05 0.00048905
0.20121 0 0 0
0.89886 0.57578 -0.29959 -0.021835
0.0035904 0.00025523 1.8953e-05 0.00013476
0.00025523 8.171e-05 -2.5547e-05 7.2545e-06
1.8953e-05 -2.5547e-05 0.00011716 -4.7618e-06
0.00013476 7.2545e-06 -4.7618e-06 6.7601e-05
