5 3 0 0
0.16417 0 0 0
0.085796 -0.016679 -0.24287 -0.55604
0.002892 -2.9077e-05 8.4096e-06 0.00012948
-2.9077e-05 9.145e-05 2.5602e-05 4.1215e-05
8.4096e-06 2.5602e-05 0.00019201 5.4364e-05
0.00012948 4.1215e-05 5.4364e-05 0.00010172
0.23814 0 0 0
0.66324 0.35754 -0.20583 -0.2624
0.0062062 0.0056017 0.00011581 0.00037234
0.0056017 0.0065526 0.0002818 0.00015632
0.00011581 0.0002818 0.0001214 -3.3231e-05
0.00037234 0.00015632 -3.3231e-05 0.00010885
0.23787 0 0 0
0.42409 0.10514 -0.22146 -0.35996
0.0064287 0.0050008 0.00065611 0.0050749
0.0050008 0.0055274 0.00059032 0.0040616
0.00065611 0.00059032 0.0001254 0.00051429
0.0050749 0.0040616 0.00051429 0.0045494
0.14256 0 0 0
0.23832 -0.012377 -0.24291 -0.52112
0.0036989 0.00090865 0.00012235 0.001756
0.00090865 0.00040233 1.0359e-05 0.00051608
0.00012235 1.0359e-05 0.0001014 0.00012892
0.001756 0.00051608 0.00012892 0.0010558
0.21726 0 0 0
0.88888 0.50461 -0.1961 -0.25327
0.0045994 0.0006235 -9.4455e-05 0.00016798
0.0006235 0.00024539 6.5348e-05 2.6667e-05
-9.4455e-05 6.5348e-05 0.00013687 -2.7384e-05
0.00016798 2.6667e-05 -2.7384e-05 5.0554e-05
