5 3 0 0
0.24335 0 0 0
0.65495 0.36562 -0.061424 -0.26713
0.0056388 0.0039665 0.0034373 0.0003051
0.0039665 0.0032444 0.0024307 0.00027328
0.0034373 0.0024307 0.0022357 0.0002337
0.0003051 0.00027328 0.0002337 0.00012275
0.20066 0 0 0
0.29432 0.072954 -0.24222 -0.45197
0.0037963 0.0023965 0.00059345 0.0029863
0.0023965 0.0018928 0.00035107 0.0020453
0.00059345 0.00035107 0.00035365 0.00058935
0.0029863 0.0020453 0.00058935 0.0025761
0.22204 0 0 0
0.88894 0.45676 0.023326 -0.26159
0.0042746 0.00033754 0.00041121 8.2452e-05
0.00033754 0.00020157 5.2309e-05 2.4659e-05
0.00041121 5.2309e-05 0.00014596 7.1811e-05
8.2452e-05 2.4659e-05 7.1811e-05 8.5523e-05
0.13915 0 0 0
0.46757 0.20263 -0.17731 -0.31159
0.0022623 0.0015981 0.001331 0.0012462
0.0015981 0.0015863 0.00072429 0.00091072
0.001331 0.00072429 0.0010209 0.00082183
0.0012462 0.00091072 0.00082183 0.00090926
0.1948 0 0 0
0.098129 -0.017403 -0.24387 -0.54013
0.0034472 0.00046379 -0.00019591 0.00028015
0.00046379 0.00020116 -7.5425e-05 6.3197e-05
-0.00019591 -7.5425e-05 6.5232e-05 -1.6097e-05
0.00028015 6.3197e-05 -1.6097e-05 0.00012561
