4 2 0
0.24184 0 0
0.84436 0.25514 0.07388
0.0067365 -0.00082904 -0.0010449
-0.00082904 0.00012712 0.00013374
-0.0010449 0.00013374 0.00019329
0.28219 0 0
0.48918 0.27043 0.21353
0.0057458 0.00085081 -0.0015754
0.00085081 0.00014784 -0.00023483
-0.0015754 -0.00023483 0.00045758
0.37519 0 0
0.17154 0.24999 0.2475
0.01147 1.643e-05 -6.9721e-06
1.643e-05 2.019e-05 -1.4607e-07
-6.9721e-06 -1.4607e-07 2.0814e-05
0.10078 0 0
0.65966 0.28389 0.1356
0.00065483 -0.00010692 -0.00057476
-0.00010692 4.2114e-05 9.2827e-05
-0.00057476 9.2827e-05 0.00054721
