5 2 0
0.16139 0 0
0.41638 0.25946 0.23334
0.0020953 0.00028534 -0.00046281
0.00028534 5.9838e-05 -6.3895e-05
-0.00046281 -6.3895e-05 0.00012462
0.23966 0 0
0.84562 0.25499 0.073672
0.0066235 -0.00081495 -0.0010233
-0.00081495 0.00012539 0.00013105
-0.0010233 0.00013105 0.00018915
0.35585 0 0
0.16185 0.24994 0.24754
0.010227 6.7662e-06 2.4556e-06
6.7662e-06 2.007e-05 -2.9595e-08
2.4556e-06 -2.9595e-08 2.0708e-05
0.095388 0 0
0.66399 0.28343 0.13195
0.00059522 -0.0001123 -0.00050746
-0.0001123 4.481e-05 9.5319e-05
-0.00050746 9.5319e-05 0.00047516
0.14771 0 0
0.55747 0.28058 0.19444
0.0016317 0.00021634 -0.00049121
0.00021634 5.109e-05 -6.6762e-05
-0.00049121 -6.6762e-05 0.00017298
