4 2 0
0.34689 0 0
0.77675 0.2552 0.073974
0.013839 -0.0011935 -0.001507
-0.0011935 0.00012784 0.0001349
-0.001507 0.0001349 0.00019513
0.37654 0 0
0.28122 0.27161 0.21149
0.010228 0.0010681 -0.002001
0.0010681 0.00013321 -0.00021001
-0.002001 -0.00021001 0.00041576
0.13295 0 0
0.049152 0.2508 0.24663
0.0015852 4.576e-05 -4.8416e-05
4.576e-05 2.2141e-05 -2.3712e-06
-4.8416e-05 -2.3712e-06 2.3321e-05
0.14362 0 0
0.51241 0.28401 0.13617
0.0013021 -0.00014729 -0.0008174
-0.00014729 4.1071e-05 9.0107e-05
-0.0008174 9.0107e-05 0.00054742
